# plik	det	theta	t0	L0	L1
1  1  0.0000  0.0000  0.000  0.0000
2  2  0.0000  0.0000  0.000  0.0000
3  3  132.3893  -0.2000  11.005  0.6141
4  4  133.8912  -0.2000  11.005  0.5991
5  5  134.8154  -0.2000  11.005  0.5933
6  6  134.9135  -0.2000  11.005  0.5917
7  7  134.2050  -0.2000  11.005  0.6023
8  8  132.9087  -0.2000  11.005  0.6157
9  9  134.8377  -0.2000  11.005  0.5858
10  10  136.1366  -0.2000  11.005  0.5791
11  11  136.8650  -0.2000  11.005  0.5702
12  12  136.5028  -0.2000  11.005  0.5749
13  13  135.1791  -0.2000  11.005  0.5904
14  14  136.2813  -0.2000  11.005  0.5708
15  15  137.8617  -0.2000  11.005  0.5645
16  16  138.7147  -0.2000  11.005  0.5548
17  17  138.3610  -0.2000  11.005  0.5581
18  18  135.8660  -0.2000  11.005  nan
19  19  138.1839  -0.2000  11.005  0.5526
20  20  139.9617  -0.2000  11.005  0.5409
21  21  140.6400  -0.2000  11.005  0.5395
22  22  140.0121  -0.2000  11.005  0.5461
23  23  141.3211  -0.2000  11.005  0.5262
24  24  142.5031  -0.2000  11.005  0.5247
25  25  142.6485  -0.2000  11.005  0.5258
26  26  141.4469  -0.2000  11.005  0.5365
27  27  143.0885  -0.2000  11.005  0.5167
28  28  144.5681  -0.2000  11.005  0.5131
29  29  144.8062  -0.2000  11.005  0.5127
30  30  143.6882  -0.2000  11.005  0.5157
31  31  146.1721  -0.2000  11.005  0.5008
32  32  147.2591  -0.2000  11.005  0.4978
33  33  146.7857  -0.2000  11.005  0.4976
34  34  147.3020  -0.2000  11.005  nan
35  35  149.7625  -0.2000  11.005  0.4850
36  36  148.9705  -0.2000  11.005  0.4875
37  37  151.0470  -0.2000  11.005  0.4651
38  38  152.6006  -0.2000  11.005  0.4672
39  39  151.6680  -0.2000  11.005  0.4735
40  40  154.9596  -0.2000  11.005  0.4551
41  41  155.1933  -0.2000  11.005  0.4576
42  42  158.0109  -0.2000  11.005  0.4449
43  43  158.2682  -0.2000  11.005  0.4467
44  44  161.4965  -0.2000  11.005  0.4357
45  45  153.2383  -0.2000  11.005  nan
46  46  169.8979  -0.2000  11.005  0.4128
47  47  132.5351  -0.2000  11.005  0.6092
48  48  133.8722  -0.2000  11.005  0.5995
49  49  146.9735  -0.2000  11.005  nan
50  50  134.6364  -0.2000  11.005  0.5904
51  51  133.6547  -0.2000  11.005  0.6033
52  52  131.3460  -0.2000  11.005  nan
53  53  134.7445  -0.2000  11.005  0.5862
54  54  136.0103  -0.2000  11.005  0.5777
55  55  136.6429  -0.2000  11.005  0.5681
56  56  148.5282  -0.2000  11.005  nan
57  57  134.4905  -0.2000  11.005  0.5932
58  58  136.3183  -0.2000  11.005  0.5724
59  59  137.8044  -0.2000  11.005  0.5606
60  60  138.2835  -0.2000  11.005  0.5585
61  61  137.7484  -0.2000  11.005  0.5625
62  62  135.5920  -0.2000  11.005  nan
63  63  138.2503  -0.2000  11.005  0.5528
64  64  139.9882  -0.2000  11.005  0.5365
65  65  140.3424  -0.2000  11.005  0.5396
66  66  153.2001  -0.2000  11.005  nan
67  67  140.8860  -0.2000  11.005  0.5348
68  68  142.4416  -0.2000  11.005  0.5223
69  69  142.0499  -0.2000  11.005  0.5286
70  70  140.5344  -0.2000  11.005  0.5402
71  71  143.0450  -0.2000  11.005  0.5180
72  72  144.5050  -0.2000  11.005  0.5102
73  73  144.6068  -0.2000  11.005  0.5058
74  74  143.2979  -0.2000  11.005  0.5145
75  75  146.3571  -0.2000  11.005  0.4944
76  76  147.1732  -0.2000  11.005  0.4916
77  77  146.1646  -0.2000  11.005  0.5012
78  78  148.8553  -0.2000  11.005  0.4789
79  79  149.5280  -0.2000  11.005  0.4829
80  80  148.6616  -0.2000  11.005  0.4825
81  81  151.3625  -0.2000  11.005  0.4670
82  82  152.5162  -0.2000  11.005  0.4622
83  83  143.7701  -0.2000  11.005  nan
84  84  155.2300  -0.2000  11.005  0.4477
85  85  155.1626  -0.2000  11.005  0.4510
86  86  158.1068  -0.2000  11.005  0.4410
87  87  157.8773  -0.2000  11.005  0.4446
88  88  161.0297  -0.2000  11.005  0.4354
89  89  165.3873  -0.2000  11.005  0.4208
90  90  169.3325  -0.2000  11.005  0.4152
91  91  132.8675  -0.2000  11.005  0.6200
92  92  134.1980  -0.2000  11.005  0.6027
93  93  135.0544  -0.2000  11.005  0.5901
94  94  134.7935  -0.2000  11.005  0.5969
95  95  133.9080  -0.2000  11.005  0.6007
96  96  144.4182  -0.2000  11.005  nan
97  97  135.1575  -0.2000  11.005  0.5934
98  98  136.4850  -0.2000  11.005  0.5762
99  99  136.7878  -0.2000  11.005  0.5762
100  100  136.2201  -0.2000  11.005  0.5787
101  101  134.8105  -0.2000  11.005  0.5908
102  102  136.9010  -0.2000  11.005  0.5708
103  103  138.2595  -0.2000  11.005  0.5612
104  104  138.5632  -0.2000  11.005  0.5608
105  105  137.9651  -0.2000  11.005  0.5642
106  106  136.6101  -0.2000  11.005  0.5713
107  107  138.7375  -0.2000  11.005  0.5545
108  108  140.1858  -0.2000  11.005  0.5437
109  109  140.5974  -0.2000  11.005  0.5423
110  110  139.8942  -0.2000  11.005  0.5461
111  111  141.4670  -0.2000  11.005  0.5332
112  112  142.6846  -0.2000  11.005  0.5277
113  113  142.5482  -0.2000  11.005  0.5261
114  114  141.0381  -0.2000  11.005  0.5338
115  115  143.4735  -0.2000  11.005  0.5209
116  116  144.8836  -0.2000  11.005  0.5111
117  117  144.7267  -0.2000  11.005  nan
118  118  142.9043  -0.2000  11.005  0.5255
119  119  146.6747  -0.2000  11.005  0.4986
120  120  147.2489  -0.2000  11.005  0.4984
121  121  146.1075  -0.2000  11.005  0.5055
122  122  148.9042  -0.2000  11.005  0.4904
123  123  149.7561  -0.2000  11.005  0.4855
124  124  148.5234  -0.2000  11.005  0.4890
125  125  151.5506  -0.2000  11.005  0.4720
126  126  152.2404  -0.2000  11.005  0.4763
127  127  146.9012  -0.2000  11.005  nan
128  128  155.0645  -0.2000  11.005  0.4602
129  129  155.0016  -0.2000  11.005  0.4559
130  130  158.4943  -0.2000  11.005  0.4438
131  131  157.2671  -0.2000  11.005  0.4494
132  132  161.1019  -0.2000  11.005  0.4349
133  133  165.1757  -0.2000  11.005  0.4269
134  134  170.0022  -0.2000  11.005  0.4124
135  135  66.5525  -0.6200  11.005  0.5092
136  136  60.3781  -0.7700  11.005  0.4952
137  137  62.9602  -0.2300  11.005  0.4838
138  138  61.8016  -0.7200  11.005  0.5001
139  139  66.8203  -0.3600  11.005  0.5017
140  140  64.5471  -0.6200  11.005  0.4950
141  141  62.7155  -0.6400  11.005  0.4910
142  142  61.3395  -0.9300  11.005  0.5124
143  143  56.7309  -1.1300  11.005  0.7277
144  144  54.5394  -0.4100  11.005  0.7016
145  145  52.6562  -0.5300  11.005  0.7072
146  146  51.1778  -1.1400  11.005  0.7217
147  147  57.0872  -0.5800  11.005  0.7142
148  148  54.6625  -0.6400  11.005  0.7124
149  149  52.8420  -0.9200  11.005  0.7056
150  150  51.4892  -0.2000  11.005  0.6945
151  151  52.3081  -0.3500  11.005  0.5022
152  152  47.7721  -0.7300  11.005  0.5036
153  153  44.0285  -0.8100  11.005  0.5003
154  154  41.3689  -0.7000  11.005  0.4997
155  155  52.0625  -0.7900  11.005  0.5119
156  156  47.3812  -0.7100  11.005  0.4968
157  157  43.7076  -0.9100  11.005  0.5038
158  158  41.4111  -0.4900  11.005  0.5016
159  159  42.5175  -0.4600  11.005  0.7122
160  160  38.1256  -0.5100  11.005  0.7005
161  161  34.8484  -1.5800  11.005  0.7320
162  162  32.2591  -0.8200  11.005  0.7160
163  163  42.8575  -1.3300  11.005  0.7416
164  164  38.8422  -0.9900  11.005  0.7114
165  165  35.3142  -1.0000  11.005  0.7193
166  166  32.6858  -0.3500  11.005  0.7035
167  167  46.2110  -0.2100  11.005  0.6981
168  168  42.5374  -0.7500  11.005  0.7034
169  169  39.3886  -0.8200  11.005  0.7024
170  170  37.0008  -0.7900  11.005  0.7058
171  171  46.2374  -1.3800  11.005  0.7277
172  172  42.6976  -0.7200  11.005  0.7042
173  173  40.9811  -0.2000  11.005  nan
174  174  39.0870  -0.2000  11.005  nan
175  175  55.2911  -0.5100  11.005  0.5014
176  176  51.3480  -0.4400  11.005  0.4841
177  177  48.2765  -0.6700  11.005  0.4862
178  178  45.9646  -0.6300  11.005  nan
179  179  55.2490  -0.3000  11.005  0.5002
180  180  51.3386  -0.2000  11.005  0.4798
181  181  48.2002  -0.2000  11.005  0.5039
182  182  46.0526  -0.3900  11.005  0.4860
183  183  60.6123  -0.2000  11.005  0.7035
184  184  58.6041  -0.2000  11.005  0.6949
185  185  57.0452  -0.2000  11.005  0.6881
186  186  55.7337  -0.2000  11.005  0.6943
187  187  60.7700  -0.2000  11.005  0.6979
188  188  58.7907  -0.2000  11.005  0.6938
189  189  57.1023  -0.2000  11.005  0.6918
190  190  55.8420  -0.2000  11.005  0.6943
191  191  69.7780  -0.2000  11.005  0.4961
192  192  67.9975  -0.2000  11.005  0.4811
193  193  66.5734  -0.2000  11.005  0.4843
194  194  65.6638  -0.2000  11.005  0.4949
195  195  69.5690  -0.2000  11.005  nan
196  196  66.2180  -0.2000  11.005  nan
197  197  64.6040  -0.2000  11.005  nan
198  198  63.4944  -0.2000  11.005  nan
