plik	det	theta	t0	L0	L1
1  1  0.0000  0.0000  0.000  0.0000
2  2  0.0000  0.0000  0.000  0.0000
3  3  131.5379  -0.2000  11.005  0.6521
4  4  133.0092  -0.2000  11.005  0.6370
5  5  133.9137  -0.2000  11.005  0.6312
6  6  134.0098  -0.2000  11.005  0.6296
7  7  133.2348  -0.2000  11.005  0.6402
8  8  132.0469  -0.2000  11.005  0.6536
9  9  133.9355  -0.2000  11.005  0.6237
10  10  135.2055  -0.2000  11.005  0.6169
11  11  135.9169  -0.2000  11.005  0.6079
12  12  135.5632  -0.2000  11.005  0.6127
13  13  134.2695  -0.2000  11.005  0.6283
14  14  135.3468  -0.2000  11.005  0.6086
15  15  136.8895  -0.2000  11.005  0.6023
16  16  137.7210  -0.2000  11.005  0.5925
17  17  137.3763  -0.2000  11.005  0.5958
18  18  135.8660  -0.2000  11.005  0.5958
19  19  137.2036  -0.2000  11.005  0.5903
20  20  138.9351  -0.2000  11.005  0.5786
21  21  139.5948  -0.2000  11.005  0.5772
22  22  138.9841  -0.2000  11.005  0.5837
23  23  140.2565  -0.2000  11.005  0.5638
24  24  141.4032  -0.2000  11.005  0.5623
25  25  141.5442  -0.2000  11.005  0.5634
26  26  140.3788  -0.2000  11.005  0.5741
27  27  141.9704  -0.2000  11.005  0.5543
28  28  143.4018  -0.2000  11.005  0.5507
29  29  143.6316  -0.2000  11.005  0.5502
30  30  142.5510  -0.2000  11.005  0.5533
31  31  144.9489  -0.2000  11.005  0.5383
32  32  145.9946  -0.2000  11.005  0.5352
33  33  145.5396  -0.2000  11.005  0.5351
34  34  147.3020  -0.2000  11.005  0.5351
35  35  148.3921  -0.2000  11.005  0.5224
36  36  147.6354  -0.2000  11.005  0.5249
37  37  149.6161  -0.2000  11.005  0.5024
38  38  151.0893  -0.2000  11.005  0.5046
39  39  150.2058  -0.2000  11.005  0.5109
40  40  153.3082  -0.2000  11.005  0.4924
41  41  153.5270  -0.2000  11.005  0.4949
42  42  156.1415  -0.2000  11.005  0.4821
43  43  156.3779  -0.2000  11.005  0.4840
44  44  160.0893  -0.2000  11.005  0.4732
45  45  153.2383  -0.2000  11.005  0.4732
46  46  166.4124  -0.2000  11.005  0.4500
47  47  131.6807  -0.2000  11.005  0.6471
48  48  132.9907  -0.2000  11.005  0.6374
49  49  146.9735  -0.2000  11.005  0.6374
50  50  133.7386  -0.2000  11.005  0.6283
51  51  132.7776  -0.2000  11.005  0.6412
52  52  131.3460  -0.2000  11.005  0.6412
53  53  133.8443  -0.2000  11.005  0.6240
54  54  135.0820  -0.2000  11.005  0.6155
55  55  135.6999  -0.2000  11.005  0.6059
56  56  148.5282  -0.2000  11.005  0.6059
57  57  133.5958  -0.2000  11.005  0.6311
58  58  135.3829  -0.2000  11.005  0.6102
59  59  136.8336  -0.2000  11.005  0.5984
60  60  137.3007  -0.2000  11.005  0.5962
61  61  136.7789  -0.2000  11.005  0.6003
62  62  135.5920  -0.2000  11.005  0.6003
63  63  137.2683  -0.2000  11.005  0.5905
64  64  138.9609  -0.2000  11.005  0.5742
65  65  139.3054  -0.2000  11.005  0.5772
66  66  153.2001  -0.2000  11.005  0.5772
67  67  139.8338  -0.2000  11.005  0.5725
68  68  141.3436  -0.2000  11.005  0.5598
69  69  140.9634  -0.2000  11.005  0.5662
70  70  139.4920  -0.2000  11.005  0.5773
71  71  141.9282  -0.2000  11.005  0.5556
72  72  143.3408  -0.2000  11.005  0.5480
73  73  143.4391  -0.2000  11.005  0.5433
74  74  142.1733  -0.2000  11.005  0.5520
75  75  145.1271  -0.2000  11.005  0.5319
76  76  145.9120  -0.2000  11.005  0.5291
77  77  144.9418  -0.2000  11.005  0.5387
78  78  147.5252  -0.2000  11.005  0.5163
79  79  148.1681  -0.2000  11.005  0.5204
80  80  147.3397  -0.2000  11.005  0.5200
81  81  149.9159  -0.2000  11.005  0.5044
82  82  151.0094  -0.2000  11.005  0.4995
83  83  143.7701  -0.2000  11.005  0.4995
84  84  153.5613  -0.2000  11.005  0.4849
85  85  153.4982  -0.2000  11.005  0.4883
86  86  156.2296  -0.2000  11.005  0.4782
87  87  156.0188  -0.2000  11.005  0.4818
88  88  158.8852  -0.2000  11.005  0.4726
89  89  163.3505  -0.2000  11.005  0.4581
90  90  167.0238  -0.2000  11.005  0.4526
91  91  131.4944  -0.2000  11.005  0.6576
92  92  133.3096  -0.2000  11.005  0.6412
93  93  134.1475  -0.2000  11.005  0.6279
94  94  133.8923  -0.2000  11.005  0.6348
95  95  133.0256  -0.2000  11.005  0.6386
96  96  144.4182  -0.2000  11.005  0.6386
97  97  134.2483  -0.2000  11.005  0.6313
98  98  135.5458  -0.2000  11.005  0.6140
99  99  135.8415  -0.2000  11.005  0.6140
100  100  135.2869  -0.2000  11.005  0.6165
101  101  133.9089  -0.2000  11.005  0.6286
102  102  135.9520  -0.2000  11.005  0.6086
103  103  137.2774  -0.2000  11.005  0.5990
104  104  137.5734  -0.2000  11.005  0.5985
105  105  136.9903  -0.2000  11.005  0.6019
106  106  135.6679  -0.2000  11.005  0.6091
107  107  137.7433  -0.2000  11.005  0.5922
108  108  139.1532  -0.2000  11.005  0.5813
109  109  139.5533  -0.2000  11.005  0.5800
110  110  138.8695  -0.2000  11.005  0.5838
111  111  140.3981  -0.2000  11.005  0.5709
112  112  141.5791  -0.2000  11.005  0.5653
113  113  141.4468  -0.2000  11.005  0.5637
114  114  139.9816  -0.2000  11.005  0.5714
115  115  142.3431  -0.2000  11.005  0.5584
116  116  143.7066  -0.2000  11.005  0.5486
117  117  143.5550  -0.2000  11.005  0.5504
118  118  141.7921  -0.2000  11.005  0.5631
119  119  145.4327  -0.2000  11.005  0.5361
120  120  145.9847  -0.2000  11.005  0.5361
121  121  144.8867  -0.2000  11.005  0.5430
122  122  147.5719  -0.2000  11.005  0.5279
123  123  148.3861  -0.2000  11.005  0.5229
124  124  147.2073  -0.2000  11.005  0.5265
125  125  150.0942  -0.2000  11.005  0.5093
126  126  150.7482  -0.2000  11.005  0.5137
127  127  146.9012  -0.2000  11.005  0.5137
128  128  153.4071  -0.2000  11.005  0.4975
129  129  153.3478  -0.2000  11.005  0.4932
130  130  157.2120  -0.2000  11.005  0.4812
131  131  156.5492  -0.2000  11.005  0.4871
132  132  158.9495  -0.2000  11.005  0.4721
133  133  163.4859  -0.2000  11.005  0.4643
134  134  168.6279  -0.2000  11.005  0.4500
135  135  66.3030  -0.6200  11.005  0.5474
136  136  60.4405  -0.7700  11.005  0.5336
137  137  62.7269  -0.2300  11.005  0.5219
138  138  61.5734  -0.7200  11.005  0.5382
139  139  66.5710  -0.3600  11.005  0.5399
140  140  64.3075  -0.6200  11.005  0.5332
141  141  62.4834  -0.6400  11.005  0.5292
142  142  61.1134  -0.9300  11.005  0.5506
143  143  56.5248  -1.1300  11.005  0.7667
144  144  54.3428  -0.4100  11.005  0.7405
145  145  52.4674  -0.5300  11.005  0.7461
146  146  50.9951  -1.1400  11.005  0.7639
147  147  56.8799  -0.5800  11.005  0.7532
148  148  54.4655  -0.6400  11.005  0.7513
149  149  52.6525  -0.9200  11.005  0.7445
150  150  51.3052  -0.2000  11.005  0.7334
151  151  52.1194  -0.3500  11.005  0.5405
152  152  47.6026  -0.7300  11.005  0.5419
153  153  43.8739  -0.8100  11.005  0.5386
154  154  41.2245  -0.7000  11.005  0.5380
155  155  51.9439  -0.7900  11.005  0.5502
156  156  47.2133  -0.7100  11.005  0.5351
157  157  43.5541  -0.9100  11.005  0.5421
158  158  41.2666  -0.4900  11.005  0.5400
159  159  42.3688  -0.4600  11.005  0.7512
160  160  37.9938  -0.5100  11.005  0.7395
161  161  34.7285  -1.5800  11.005  0.7712
162  162  32.1487  -0.8200  11.005  0.7550
163  163  42.7077  -1.3300  11.005  0.7807
164  164  38.7077  -0.9900  11.005  0.7505
165  165  35.1927  -1.0000  11.005  0.7584
166  166  32.5596  -0.3500  11.005  0.7426
167  167  46.0474  -0.2100  11.005  0.7370
168  168  42.3889  -0.7500  11.005  0.7424
169  169  39.2519  -0.8200  11.005  0.7414
170  170  36.8731  -0.7900  11.005  0.7448
171  171  46.0734  -1.3800  11.005  0.7667
172  172  42.5484  -0.7200  11.005  0.7432
173  173  40.9811  -0.2000  11.005  0.7432
174  174  39.0870  -0.2000  11.005  0.7432
175  175  55.0903  -0.5100  11.005  0.5396
176  176  51.1634  -0.4400  11.005  0.5224
177  177  48.1041  -0.6700  11.005  0.5244
178  178  45.9646  -0.6300  11.005  0.5244
179  179  55.0481  -0.3000  11.005  0.5384
180  180  51.1538  -0.2000  11.005  0.5180
181  181  48.0282  -0.2000  11.005  0.5421
182  182  45.8896  -0.3900  11.005  0.5242
183  183  60.3896  -0.2000  11.005  0.7424
184  184  58.3901  -0.2000  11.005  0.7337
185  185  56.8383  -0.2000  11.005  0.7269
186  186  55.5325  -0.2000  11.005  0.7331
187  187  60.5471  -0.2000  11.005  0.7367
188  188  58.5758  -0.2000  11.005  0.7326
189  189  56.8950  -0.2000  11.005  0.7307
190  190  55.6401  -0.2000  11.005  0.7332
191  191  69.5139  -0.2000  11.005  0.5342
192  192  67.7415  -0.2000  11.005  0.5191
193  193  66.3239  -0.2000  11.005  0.5224
194  194  65.4185  -0.2000  11.005  0.5331
195  195  69.5690  -0.2000  11.005  0.5331
196  196  66.2180  -0.2000  11.005  0.5331
197  197  64.6040  -0.2000  11.005  0.5331
198  198  63.4944  -0.2000  11.005  0.5331
